A1,A2,A3,A4,A5,ranking
-1.924447,0.575222,0.016674,-0.419643,0.000801,d>a>b>c>e
-1.861992,0.652129,0.337144,-0.241291,0.079475,d>a>b>c>e
-1.811154,0.608182,0.428707,-0.263585,0.070733,d>a>b>e>c
-1.789406,0.663116,0.474489,-0.241291,0.123183,d>a>b>e>c
-1.904093,0.44338,0.474489,-0.709464,-0.077874,d>a>b>e>c
-1.841731,0.44338,0.291363,-0.620289,-0.086616,d>a>b>e>c
-1.799537,0.476341,0.154018,-0.508819,-0.007941,d>a>b>e>c
-1.789406,0.542261,0.1998,-0.419643,0.061992,d>a>b>e>c
-1.799537,0.509301,0.108237,-0.375055,0.061992,a>d>b>e>c
-1.753067,0.575222,0.154018,-0.263585,0.070733,a>d>b>e>c
-1.758923,0.553248,0.337144,-0.241291,0.088217,a>d>b>e>c
-1.753067,0.509301,0.474489,-0.174409,0.027025,a>d>b>e>c
-1.785038,0.465354,0.108237,-0.330467,-0.034166,d>a>b>e>c
-1.811154,0.465354,-0.12067,-0.352761,-0.034166,a>d>b>e>c
-1.753067,0.553248,-0.12067,-0.330467,-0.034166,a>d>b>e>c
-1.665984,0.553248,-0.212233,-0.241291,-0.007941,d>a>b>e>c
-1.676114,0.542261,-0.166452,-0.129821,0.000801,a>d>b>e>c
-1.706598,0.542261,-0.029107,0.115412,0.027025,d>a>b>e>c
-1.676114,0.619169,0.016674,0.204588,0.070733,a>d>b>e>c
-1.6355,0.729037,0.062456,0.293764,0.184375,a>d>b>e>c
-1.613659,0.761997,0.062456,0.204588,0.175633,a>d>b>e>c
-1.625276,0.816931,0.1998,0.137706,0.193116,a>d>b>e>c
-1.619514,0.860878,0.1998,0.115412,0.166891,a>d>b>e>c
-1.613659,0.860878,0.154018,0.070824,0.166891,a>d>b>e>c
-1.6355,0.838904,0.108237,0.026236,0.1057,a>d>b>e>c
-1.676114,0.783971,0.062456,-0.062939,0.035767,a>d>b>e>c
-1.629645,0.75101,0.108237,-0.040645,0.05325,a>d>b>e>c
-1.583175,0.772984,0.1998,-0.018351,0.079475,a>d>b>e>c
-1.583175,0.71805,0.108237,0.115412,0.079475,a>d>b>e>c
-1.56719,0.75101,0.154018,0.338352,0.096958,a>d>b>e>c
-1.546929,0.772984,0.154018,0.27147,0.079475,a>d>b>e>c
-1.552691,0.827918,0.062456,0.137706,0.05325,a>d>b>e>c
-1.583175,0.740023,-0.029107,0.182294,0.035767,a>d>b>e>c
-1.546929,0.772984,0.108237,0.137706,0.096958,a>d>b>e>c
-1.542561,0.794957,0.154018,0.182294,0.149408,d>a>b>e>c
-1.552691,0.805944,0.474489,0.27147,0.166891,d>a>b>e>c
-1.546929,0.761997,0.428707,0.249176,0.184375,d>a>b>e>c
-1.542561,0.729037,0.1998,0.182294,0.166891,d>a>b>e>c
-1.562915,0.729037,0.245581,0.070824,0.175633,d>a>b>e>c
-1.562915,0.75101,0.1998,0.27147,0.184375,d>a>b>e>c
-1.583175,0.772984,0.337144,0.249176,0.166891,d>a>b>e>c
-1.625276,0.783971,0.291363,0.27147,0.140666,a>d>b>e>c
-1.603529,0.827918,0.291363,0.293764,0.149408,a>d>b>e>c
-1.58903,0.871865,0.245581,0.293764,0.166891,a>d>b>e>c
-1.56719,0.926799,0.1998,0.249176,0.166891,a>d>b>e>c
-1.56719,0.882852,0.291363,0.182294,0.201858,d>a>b>e>c
-1.562915,0.805944,0.428707,0.16,0.15815,d>a>b>e>c
-1.557059,0.794957,0.1998,-0.062939,0.114442,d>a>b>e>c
-1.562915,0.794957,0.1998,0.093118,0.079475,d>a>b>e>c
-1.546929,0.860878,0.428707,0.04853,0.088217,d>a>b>e>c
-1.51059,0.882852,0.703396,0.04853,0.1057,d>a>b>e>c
-1.52072,0.970746,0.886522,0.226882,0.131925,d>a>b>e>c
-1.506222,1.036667,1.619025,0.338352,0.193116,d>a>b>e>c
-1.480106,1.157521,2.305746,0.49441,0.201858,d>a>b>e>c
-1.51059,1.245415,2.351528,0.427528,0.15815,d>a>b>e>c
-1.52072,1.278376,1.893713,0.449822,0.193116,d>a>b>c>e
-1.56719,1.212455,1.80215,0.427528,0.193116,d>a>b>e>c
-1.609384,1.069627,1.527462,0.338352,0.201858,d>a>b>e>c
-1.583175,0.959759,1.435899,0.16,0.1057,d>a>b>e>c
-1.593398,0.970746,1.939495,0.003943,0.05325,d>a>b>c>e
-1.578807,0.904825,2.076839,-0.107527,0.070733,d>a>b>e>c
-1.603529,0.827918,1.710588,-0.241291,0.044509,d>a>b>e>c
-1.603529,0.794957,1.664806,-0.152115,0.061992,d>a>b>c>e
-1.671746,0.740023,1.619025,-0.218997,0.070733,d>a>b>e>c
-1.625276,0.75101,1.619025,-0.062939,0.123183,d>a>b>c>e
-1.573045,0.893838,1.939495,0.093118,0.236824,a>d>b>e>c
-1.593398,0.937785,1.847932,0.026236,0.263049,a>d>b>e>c
-1.56719,1.014693,1.80215,0.070824,0.280532,a>d>b>e>c
-1.56719,0.937785,1.893713,0.026236,0.332982,a>d>b>e>c
-1.56719,0.926799,1.893713,-0.018351,0.315499,a>d>b>e>c
-1.56719,0.959759,1.756369,-0.018351,0.341724,a>d>b>e>c
-1.625276,0.893838,1.206992,-0.285879,0.210599,a>d>b>e>c
-1.619514,0.849891,1.206992,-0.441937,0.236824,a>d>b>e>c
-1.649998,0.838904,1.16121,-0.486525,0.236824,a>d>b>e>c
-1.665984,0.838904,1.115429,-0.464231,0.219341,a>d>b>e>c
-1.665984,0.849891,1.023866,-0.486525,0.201858,a>d>b>e>c
-1.649998,0.794957,0.932303,-0.486525,0.210599,a>d>b>e>c
-1.639868,0.904825,1.115429,-0.397349,0.219341,a>d>b>e>c
-1.583175,0.926799,1.069647,-0.330467,0.236824,a>d>b>e>c
-1.58903,0.948772,1.069647,-0.397349,0.263049,a>d>b>e>c
-1.578807,0.948772,1.16121,-0.441937,0.271791,a>d>b>e>c
-1.532338,0.948772,1.023866,-0.486525,0.228083,a>d>b>e>c
-1.542561,0.959759,0.84074,-0.508819,0.210599,a>d>b>e>c
-1.532338,0.992719,0.886522,-0.375055,0.228083,a>d>b>e>c
-1.480106,1.113574,0.978084,-0.285879,0.236824,a>d>b>e>c
-1.496091,0.992719,0.886522,-0.241291,0.236824,a>d>b>e>c
-1.51059,1.003706,0.703396,-0.397349,0.210599,a>d>b>e>c
-1.50046,0.970746,0.749177,-0.375055,0.131925,a>d>b>e>c
-1.516445,0.981733,0.703396,-0.308173,0.140666,a>d>b>e>c
-1.506222,1.003706,0.657614,-0.285879,0.228083,a>d>b>e>c
-1.526575,0.937785,0.611833,-0.352761,0.201858,a>d>b>e>c
-1.526575,0.849891,0.52027,-0.486525,0.193116,a>d>b>e>c
-1.469976,0.915812,0.611833,-0.508819,0.149408,a>d>b>e>c
-1.45399,0.970746,0.703396,-0.419643,0.15815,a>d>b>e>c
-1.439399,0.904825,0.611833,-0.508819,0.114442,a>d>b>e>c
-1.480106,0.805944,0.382926,-0.531113,0.079475,a>d>b>e>c
-1.50046,0.838904,0.337144,-0.642583,0.061992,a>d>b>c>e
-1.439399,0.926799,0.428707,-0.620289,0.044509,a>d>b>e>c
-1.387167,0.871865,0.337144,-0.664876,-0.042908,a>d>b>e>c
-1.299991,0.849891,0.428707,-0.531113,-0.016683,a>d>b>e>c
-1.310214,0.849891,0.428707,-0.620289,-0.025424,a>d>b>c>e
-1.314582,0.794957,0.566051,-0.820934,-0.051649,a>d>b>c>e
-1.299991,0.794957,0.428707,-0.954698,-0.095357,a>d>b>c>e
-1.253521,0.893838,0.428707,-0.776346,-0.095357,a>d>b>c>e
-1.247759,0.816931,0.474489,-0.419643,-0.077874,a>d>b>c>e
-1.253521,0.783971,0.474489,-0.531113,-0.086616,a>d>b>c>e
-1.247759,0.772984,0.382926,-0.620289,-0.034166,a>d>b>e>c
-1.231773,0.827918,0.703396,-0.664876,0.000801,a>d>b>c>e
-1.284098,0.772984,0.749177,-0.731758,0.009542,a>d>b>e>c
-1.257889,0.882852,0.749177,-0.441937,0.044509,a>d>b>e>c
-1.237629,0.926799,0.657614,-0.441937,0.027025,a>d>b>e>c
-1.217275,0.926799,0.703396,-0.308173,0.070733,a>d>b>c>e
-1.221643,0.904825,0.886522,-0.263585,0.096958,a>d>b>c>e
-1.195434,0.970746,0.886522,-0.107527,0.166891,a>d>b>c>e
-1.180936,0.992719,0.932303,-0.062939,0.184375,a>d>b>c>e
-1.284098,0.970746,0.749177,-0.062939,0.131925,a>d>b>c>e
-1.257889,0.992719,0.886522,-0.040645,0.131925,d>a>b>c>e
-1.268113,0.882852,1.023866,-0.196703,0.1057,a>d>b>c>e
-1.207052,0.926799,1.344336,-0.196703,0.140666,d>a>c>b>e
-1.134466,0.948772,1.573243,-0.040645,0.219341,d>a>c>b>e
-1.138835,0.849891,1.619025,-0.152115,0.219341,d>a>c>b>e
-1.138835,0.805944,1.48168,-0.196703,0.228083,d>a>c>b>e
-1.138835,0.849891,1.344336,-0.375055,0.184375,d>a>b>c>e
-1.138835,0.849891,1.390117,-0.285879,0.210599,d>a>b>c>e
-1.124336,0.772984,1.069647,-0.241291,0.219341,a>d>b>c>e
-1.09822,0.794957,1.115429,-0.107527,0.228083,d>a>b>c>e
-1.087997,0.794957,1.435899,-0.285879,0.236824,a>d>c>b>e
-1.082235,0.772984,1.573243,-0.330467,0.280532,a>d>c>b>e
-1.092365,0.772984,1.298555,-0.397349,0.245566,a>d>c>b>e
-1.087997,0.772984,1.390117,-0.263585,0.263049,a>d>b>c>e
-1.09822,0.794957,1.390117,-0.263585,0.245566,a>d>c>b>e
-1.087997,0.816931,1.48168,-0.218997,0.236824,a>d>c>b>e
-1.102496,0.761997,1.344336,-0.375055,0.219341,a>d>b>c>e
-1.067643,0.794957,1.390117,-0.263585,0.254307,a>d>c>b>e
-1.082235,0.827918,1.435899,-0.308173,0.289274,a>d>b>c>e
-1.082235,0.860878,1.390117,-0.330467,0.315499,a>d>c>b>e
-1.128704,0.816931,1.298555,-0.397349,0.289274,a>d>b>c>e
-1.138835,0.816931,1.252773,-0.486525,0.271791,a>d>c>b>e
-1.124336,0.871865,1.252773,-0.375055,0.298016,a>d>b>c>e
-1.14469,0.860878,1.115429,-0.464231,0.263049,a>d>b>c>e
-1.148965,0.827918,0.932303,-0.731758,0.201858,a>d>b>c>e
-1.118481,0.794957,1.023866,-0.709464,0.236824,a>d>b>c>e
-1.087997,0.794957,0.84074,-0.68717,0.228083,a>d>b>c>e
-1.124336,0.71805,0.84074,-0.820934,0.236824,a>d>b>c>e
-1.061881,0.729037,0.886522,-0.731758,0.280532,a>d>b>c>e
-1.025542,0.783971,1.252773,-0.731758,0.367949,a>d>c>b>e
-0.948589,0.794957,1.115429,-0.776346,0.341724,a>d>b>c>e
-0.942827,0.805944,1.115429,-0.754052,0.315499,a>d>b>c>e
-0.942827,0.783971,0.932303,-0.776346,0.332982,a>d>b>c>e
-0.942827,0.75101,0.978084,-0.709464,0.298016,a>d>b>c>e
-0.952957,0.75101,1.023866,-0.642583,0.289274,a>d>b>c>e
-1.025542,0.685089,1.023866,-0.79864,0.280532,a>d>b>c>e
-1.005281,0.630156,0.932303,-1.066168,0.210599,a>d>b>c>e
-1.061881,0.608182,0.657614,-1.13305,0.15815,a>d>b>c>e
-1.061881,0.619169,0.749177,-1.088462,0.15815,a>d>b>c>e
-1.067643,0.575222,0.749177,-0.887816,0.149408,a>d>b>c>e
-1.102496,0.520288,0.749177,-0.954698,0.123183,a>d>b>c>e
-1.108351,0.487327,1.023866,-1.13305,0.149408,a>d>b>c>e
-1.082235,0.553248,1.115429,-1.13305,0.131925,a>d>b>c>e
-1.102496,0.520288,1.16121,-1.155344,0.219341,a>d>b>c>e
-1.114113,0.509301,1.115429,-1.110756,0.254307,a>d>b>c>e
-1.148965,0.476341,0.932303,-1.13305,0.210599,a>d>b>c>e
-1.185304,0.454367,0.886522,-1.177638,0.149408,a>d>b>c>e
-1.09822,0.498314,1.023866,-1.110756,0.096958,a>d>b>c>e
-1.102496,0.498314,0.932303,-1.088462,0.149408,a>d>b>c>e
-1.087997,0.509301,0.886522,-1.066168,0.123183,a>d>b>c>e
-1.061881,0.509301,0.978084,-1.02158,0.114442,a>d>b>c>e
-1.067643,0.465354,1.390117,-1.043874,0.140666,a>d>b>c>e
-1.087997,0.487327,1.298555,-1.13305,0.079475,a>d>b>c>e
-1.114113,0.509301,1.16121,-1.110756,0.009542,a>d>b>c>e
-1.067643,0.685089,1.252773,-0.954698,0.140666,a>d>b>c>e
-1.067643,0.652129,1.252773,-0.932404,0.219341,a>d>b>c>e
-1.056026,0.663116,1.252773,-0.843228,0.219341,a>d>b>c>e
-1.045896,0.663116,1.252773,-0.843228,0.245566,a>d>b>c>e
-1.031397,0.663116,1.206992,-0.91011,0.201858,a>d>b>c>e
-1.015412,0.641142,1.206992,-0.887816,0.210599,a>b>d>c>e
-0.952957,0.652129,1.252773,-0.843228,0.228083,a>b>d>c>e
-0.942827,0.652129,1.252773,-0.776346,0.280532,a>d>b>c>e
-0.963087,0.619169,1.206992,-0.843228,0.263049,a>d>b>c>e
-0.984928,0.641142,1.16121,-0.843228,0.306757,a>d>b>c>e
-0.989296,0.597195,1.16121,-0.843228,0.263049,a>b>d>c>e
-1.005281,0.586208,1.16121,-0.887816,0.271791,a>b>d>c>e
-1.009557,0.597195,1.115429,-0.843228,0.289274,a>b>d>c>e
-1.035765,0.597195,1.069647,-0.865522,0.350465,a>d>b>c>e
-0.989296,0.564235,0.84074,-0.79864,0.385432,a>d>b>c>e
-0.963087,0.542261,0.932303,-0.776346,0.420398,a>d>b>c>e
-0.974705,0.553248,1.115429,-0.68717,0.42914,a>d>b>c>e
-0.952957,0.553248,1.023866,-0.620289,0.48159,a>d>b>c>e
-0.896357,0.531275,1.069647,-0.575701,0.569006,a>d>b>c>e
-0.876004,0.575222,1.069647,-0.441937,0.612714,a>b>d>c>e
-0.906487,0.586208,1.023866,-0.508819,0.64768,a>d>b>c>e
-0.891989,0.575222,1.115429,-0.664876,0.735096,a>d>b>c>e
-0.870148,0.586208,1.298555,-0.597995,0.778805,a>d>b>c>e
-0.876004,0.564235,1.48168,-0.575701,0.796288,a>d>b>c>e
-0.809181,0.597195,1.527462,-0.464231,0.91867,a>d>b>c>e
-0.793195,0.630156,1.435899,-0.397349,0.953637,a>d>b>c>e
-0.79905,0.674103,1.48168,-0.419643,0.91867,a>d>b>c>e
-0.860018,0.597195,1.344336,-0.575701,0.848738,a>b>d>c>e
-0.865873,0.597195,1.344336,-0.486525,0.866221,a>d>b>c>e
-0.839664,0.597195,1.298555,-0.464231,0.866221,a>d>b>c>e
-0.819404,0.641142,1.527462,-0.464231,0.813771,a>d>b>c>e
-0.756949,0.652129,1.435899,-0.419643,0.953637,a>b>d>c>e
-0.783065,0.641142,1.298555,-0.553407,1.014828,a>d>b>c>e
-0.736595,0.685089,1.298555,-0.352761,1.154694,a>b>d>c>e
-0.756949,0.827918,1.390117,-0.241291,1.189661,a>d>b>c>e
-0.77721,0.783971,1.344336,-0.419643,1.189661,a>b>d>c>e
-0.803418,0.761997,1.298555,-0.285879,1.128469,a>b>d>c>e
-0.813549,0.761997,1.252773,-0.263585,1.041053,a>b>d>c>e
-0.84552,0.707063,1.48168,-0.285879,0.988603,a>b>d>e>c
-0.849888,0.783971,1.435899,-0.218997,1.041053,a>b>d>c>e
-0.84552,0.838904,1.664806,-0.174409,1.084761,a>b>d>c>e
-0.84552,0.904825,1.80215,-0.174409,1.145953,a>d>b>c>e
-0.891989,0.904825,1.573243,-0.308173,1.224627,a>b>d>c>e
-0.839664,0.882852,1.619025,-0.308173,1.268335,a>b>d>c>e
-0.876004,0.805944,1.48168,-0.352761,1.233369,a>b>d>c>e
-0.891989,0.761997,1.390117,-0.441937,1.207144,a>b>d>c>e
-0.881766,0.772984,1.344336,-0.397349,1.198402,a>b>d>c>e
-0.902119,0.71805,0.978084,-0.352761,1.180919,a>b>d>e>c
-0.916618,0.71805,0.978084,-0.352761,1.180919,a>b>d>c>e
-0.979073,0.630156,0.749177,-0.508819,1.093503,a>b>d>e>c
-0.999426,0.641142,0.749177,-0.531113,1.093503,a>b>d>c>e
-0.979073,0.619169,0.84074,-0.620289,1.110986,a>b>d>e>c
-1.009557,0.553248,0.566051,-0.664876,1.058536,a>b>d>e>c
-0.968942,0.520288,0.52027,-0.709464,1.093503,a>b>d>e>c
-0.952957,0.542261,0.611833,-0.709464,1.041053,a>b>d>e>c
-0.968942,0.553248,0.703396,-0.68717,1.067278,a>b>d>c>e
-0.968942,0.575222,0.84074,-0.642583,1.049795,a>b>d>e>c
-0.932603,0.542261,0.886522,-0.642583,1.058536,a>b>d>e>c
-0.963087,0.542261,0.794959,-0.820934,1.041053,a>b>d>e>c
-1.009557,0.542261,0.657614,-0.664876,1.014828,a>b>d>e>c
-0.974705,0.531275,0.657614,-0.68717,1.014828,a>b>d>e>c
-0.963087,0.575222,0.84074,-0.620289,1.119728,a>b>d>c>e
-0.974705,0.520288,0.886522,-0.575701,1.145953,a>b>d>c>e
-0.948589,0.476341,0.84074,-0.642583,1.154694,a>b>d>c>e
-0.876004,0.542261,0.932303,-0.597995,1.189661,a>b>d>c>e
-0.896357,0.608182,0.932303,-0.620289,1.198402,a>b>d>c>e
-0.916618,0.542261,0.886522,-0.843228,1.154694,a>b>d>c>e
-0.932603,0.531275,0.749177,-0.954698,1.102244,a>b>d>c>e
-0.932603,0.564235,0.749177,-0.976992,1.093503,a>b>d>c>e
-0.963087,0.564235,0.794959,-0.976992,1.119728,a>b>d>c>e
-0.979073,0.586208,0.657614,-0.932404,1.110986,a>b>d>c>e
-0.979073,0.575222,0.703396,-0.91011,1.093503,a>b>d>c>e
-0.984928,0.619169,0.566051,-0.999286,1.102244,a>b>d>c>e
-0.999426,0.619169,0.611833,-0.954698,1.07602,a>b>d>c>e
-0.999426,0.608182,0.52027,-0.887816,1.058536,a>b>d>c>e
-1.041528,0.597195,0.428707,-0.954698,1.067278,a>b>d>c>e
-1.108351,0.575222,0.245581,-0.999286,0.97112,a>b>d>c>e
-1.082235,0.597195,0.291363,-1.043874,0.988603,a>b>d>c>e
-1.056026,0.608182,0.291363,-0.999286,0.979862,a>b>d>c>e
-1.092365,0.597195,0.245581,-0.954698,0.953637,a>b>d>c>e
-1.056026,0.553248,0.337144,-0.954698,0.997345,a>b>c>d>e
-1.005281,0.564235,0.474489,-0.865522,1.014828,a>b>c>d>e
-1.021174,0.597195,0.382926,-0.865522,1.006087,a>c>b>d>e
-1.061881,0.586208,0.337144,-1.02158,1.006087,a>c>b>d>e
-1.051751,0.608182,0.52027,-0.91011,1.110986,a>c>d>b>e
-1.041528,0.608182,0.52027,-0.820934,1.137211,a>d>b>c>e
-1.015412,0.608182,0.52027,-0.79864,1.154694,a>d>b>c>e
-1.045896,0.707063,0.428707,-0.79864,1.172177,a>d>b>c>e
-1.061881,0.674103,0.52027,-0.865522,1.198402,a>d>b>c>e
-1.041528,0.652129,0.474489,-0.865522,1.259594,a>d>b>c>e
-0.984928,0.553248,0.382926,-0.820934,1.303302,a>d>c>b>e
-0.999426,0.608182,0.382926,-0.843228,1.29456,a>d>b>c>e
-0.999426,0.652129,0.428707,-0.887816,1.338268,a>b>c>d>e
-1.025542,0.630156,0.428707,-0.954698,1.320785,a>d>c>b>e
-0.989296,0.641142,0.474489,-0.954698,1.408201,a>d>c>b>e
-0.995058,0.641142,0.474489,-0.887816,1.513101,a>d>c>b>e
-1.051751,0.608182,0.52027,-0.91011,1.495617,a>d>e>b>c
-1.108351,0.553248,0.428707,-0.932404,1.504359,a>d>e>b>c
-1.067643,0.553248,0.52027,-0.843228,1.583033,a>d>b>e>c
-0.999426,0.542261,0.474489,-0.754052,1.618,a>d>b>e>c
-0.922473,0.520288,0.428707,-0.553407,1.661708,a>d>b>e>c
-0.912343,0.608182,0.474489,-0.486525,1.757866,a>d>b>e>c
-0.928235,0.641142,0.52027,-0.508819,1.731641,a>d>b>e>c
-0.906487,0.641142,0.566051,-0.553407,1.784091,a>b>d>c>e
-0.886134,0.531275,0.611833,-0.553407,1.819057,a>b>d>c>e
-0.902119,0.619169,0.657614,-0.597995,1.810316,a>b>d>c>e
-0.896357,0.608182,0.52027,-0.642583,1.827799,a>d>b>e>c
-0.912343,0.619169,0.428707,-0.575701,1.906473,a>d>b>c>e
-0.896357,0.663116,0.52027,-0.308173,1.967665,a>d>b>c>e
-0.916618,0.663116,0.566051,-0.174409,2.125014,a>d>b>e>c
-0.932603,0.597195,0.474489,-0.218997,2.037598,a>d>b>e>c
-0.942827,0.542261,0.474489,-0.375055,1.958923,a>d>b>e>c
-0.968942,0.564235,0.52027,-0.352761,1.950181,a>d>b>c>e
-0.942827,0.520288,0.474489,-0.263585,1.967665,a>d>b>e>c
-0.948589,0.509301,0.474489,-0.263585,1.976406,a>d>b>e>c
-0.958812,0.575222,0.52027,-0.285879,2.011373,a>d>b>e>c
-0.928235,0.586208,0.474489,-0.218997,2.055081,a>d>b>c>e
-0.896357,0.608182,0.474489,-0.285879,2.020114,a>d>c>e>b
-0.942827,0.586208,0.474489,-0.419643,1.923957,a>d>e>b>c
-0.942827,0.586208,0.474489,-0.419643,1.94144,a>d>e>b>c
-0.999426,0.553248,0.474489,-0.597995,1.810316,a>d>e>b>c
-1.005281,0.597195,0.52027,-0.531113,1.784091,a>d>b>e>c
-0.968942,0.597195,0.566051,-0.397349,1.854024,a>d>e>b>c
-0.963087,0.564235,0.657614,-0.486525,1.854024,a>d>e>b>c
-0.902119,0.608182,0.703396,-0.352761,1.932698,a>d>c>e>b
-0.835296,0.597195,0.749177,-0.196703,1.950181,a>d>c>b>e
-0.823679,0.597195,1.069647,-0.263585,2.037598,a>d>c>b>e
-0.823679,0.608182,0.978084,-0.263585,2.020114,a>d>b>e>c
-0.839664,0.816931,1.023866,-0.218997,2.002631,a>d>e>b>c
-0.835296,0.783971,1.069647,-0.129821,2.020114,a>d>e>b>c
-0.77721,0.772984,1.023866,-0.085233,2.037598,a>d>e>b>c
-0.762711,0.794957,1.115429,0.070824,2.090047,a>d>e>c>b
-0.756949,0.794957,1.069647,0.026236,2.125014,a>d>e>b>c
-0.710479,0.838904,1.115429,0.093118,2.194947,a>d>b>e>c
-0.66401,0.882852,1.252773,0.093118,2.221172,a>d>b>e>c
-0.726465,0.827918,1.023866,-0.085233,1.99389,a>d>c>e>b
-0.793195,0.805944,1.023866,-0.062939,2.002631,a>d>e>b>c
-0.79905,0.827918,1.069647,-0.040645,2.063822,a>d>e>c>b
-0.819404,0.860878,1.16121,0.003943,2.090047,a>d>e>c>b
-0.839664,0.838904,1.206992,-0.040645,2.098789,a>d>e>b>c
-0.84552,0.849891,1.16121,-0.062939,2.063822,a>d>e>b>c
-0.756949,0.882852,1.115429,0.003943,2.055081,a>d>e>b>c
-0.742357,0.849891,1.206992,-0.062939,2.116272,a>d>e>b>c
-0.716242,0.860878,1.344336,0.04853,2.21243,a>d>e>c>b
-0.706111,0.904825,1.206992,0.026236,2.168722,a>d>e>b>c
-0.73074,0.904825,1.16121,-0.018351,2.151239,a>d>e>b>c
-0.690126,0.871865,0.978084,-0.129821,2.168722,a>d>e>b>c
-0.653787,0.838904,0.932303,-0.062939,2.151239,a>d>e>b>c
-0.66401,0.816931,0.794959,-0.062939,2.15998,a>d>e>b>c
-0.669772,0.860878,0.886522,-0.062939,2.116272,a>d>e>b>c
-0.66401,0.882852,0.749177,-0.040645,2.125014,a>d>e>b>c
-0.637801,0.926799,0.84074,-0.040645,2.133755,a>d>e>b>c
-0.627671,0.970746,0.978084,-0.040645,2.21243,a>d>e>b>c
-0.649419,0.915812,0.84074,-0.107527,2.21243,a>d>e>b>c
-0.571071,0.970746,0.978084,0.04853,2.177463,a>d>e>c>b
-0.560848,0.981733,0.932303,0.070824,2.247396,a>d>e>c>b
-0.504248,1.05864,0.932303,0.182294,2.326071,a>d>e>b>c
-0.498393,1.0916,0.794959,0.182294,2.308588,a>d>e>b>c
-0.520234,1.102587,0.84074,0.137706,2.299846,a>e>d>b>c
-0.51001,1.135548,0.932303,0.026236,1.906473,a>e>d>c>b
-0.530364,1.0916,0.749177,0.070824,1.696674,a>d>e>b>c
-0.540587,1.113574,0.703396,-0.018351,1.749124,a>d>e>b>c
-0.467909,1.0916,0.566051,-0.018351,1.626742,a>e>d>b>c
-0.395324,1.080614,0.703396,0.093118,1.644225,e>a>d>b>c
-0.390956,1.047653,0.657614,-0.018351,1.67045,e>a>d>b>c
-0.338724,1.124561,0.703396,-0.018351,1.652966,e>a>d>b>c
-0.287887,1.135548,0.749177,-0.040645,1.583033,e>a>d>b>c
-0.312515,1.113574,0.703396,-0.062939,1.478134,e>a>d>b>c
-0.36484,1.05864,0.657614,-0.085233,1.381976,e>a>d>b>c
-0.358985,1.135548,0.703396,-0.241291,1.364493,e>a>d>b>c
-0.390956,1.146534,0.611833,-0.285879,1.250852,e>a>d>b>c
-0.401179,1.0916,0.703396,-0.263585,1.250852,e>a>d>b>c
-0.411309,1.080614,0.749177,-0.330467,1.24211,e>a>d>b>c
-0.318371,1.080614,0.703396,-0.308173,1.277077,e>a>d>b>c
-0.219577,1.102587,0.794959,-0.218997,1.29456,e>a>d>b>c
-0.152846,1.102587,0.794959,-0.040645,1.259594,e>a>d>b>c
-0.122362,1.124561,0.794959,0.04853,1.24211,e>a>d>b>c
-0.184724,1.146534,0.84074,0.093118,1.250852,e>a>d>b>c
-0.199316,1.168508,0.886522,0.137706,1.259594,e>a>b>d>c
-0.205078,1.212455,0.932303,0.115412,1.268335,e>a>d>b>c
-0.219577,1.212455,0.978084,0.204588,1.250852,e>a>d>b>c
-0.266046,1.212455,1.023866,0.093118,1.24211,e>d>a>b>c
-0.255916,1.234429,1.16121,0.115412,1.34701,e>d>a>b>c
-0.251547,1.256402,1.206992,0.04853,1.373235,e>d>a>b>c
-0.219577,1.278376,1.344336,0.115412,1.355751,e>d>a>b>c
-0.178962,1.201468,1.206992,0.026236,1.303302,e>a>d>b>c
-0.205078,1.179495,1.298555,0.026236,1.312043,e>d>a>b>c
-0.219577,1.190481,1.390117,-0.018351,1.320785,e>d>a>b>c
-0.271901,1.256402,1.344336,-0.040645,1.29456,e>d>a>b>c
-0.401179,1.157521,1.206992,-0.085233,1.259594,e>d>a>b>c
-0.35471,1.146534,1.115429,-0.062939,1.250852,e>b>d>a>c
-0.324133,1.201468,1.16121,-0.062939,1.250852,e>b>d>a>c
-0.328501,1.234429,1.115429,-0.085233,1.224627,e>b>d>a>c
-0.385194,1.234429,1.115429,-0.085233,1.268335,e>b>a>d>c
-0.302385,1.201468,1.16121,-0.085233,1.268335,e>b>a>d>c
-0.348854,1.157521,1.023866,-0.085233,1.268335,e>b>d>a>c
-0.318371,1.146534,1.115429,0.003943,1.29456,e>b>a>d>c
-0.395324,1.124561,1.023866,-0.085233,1.268335,e>a>b>d>c
-0.411309,1.168508,1.069647,0.003943,1.259594,e>a>b>d>c
-0.372089,1.190481,1.023866,0.026236,1.277077,e>a>b>d>c
-0.40406,1.201468,0.978084,0.026236,1.24211,e>b>a>d>c
-0.441793,1.201468,1.16121,0.16,1.233369,e>b>a>d>c
-0.36484,1.157521,1.115429,0.27147,1.207144,e>b>a>d>c
-0.318371,1.190481,1.115429,0.427528,1.154694,e>a>b>d>c
-0.334356,1.223442,1.023866,0.49441,1.032312,e>b>a>d>c
-0.348854,1.245415,0.978084,0.49441,1.02357,e>b>a>d>c
-0.465028,1.234429,0.932303,0.427528,0.866221,e>b>a>d>c
-0.511497,1.223442,0.84074,0.249176,0.839996,e>b>a>d>c
-0.550718,1.256402,0.657614,0.182294,0.892446,e>a>b>d>c
-0.488263,1.289363,0.657614,0.16,0.97112,e>a>b>d>c
-0.496999,1.267389,0.611833,0.182294,1.006087,e>a>b>d>c
-0.511497,1.278376,0.657614,0.338352,1.02357,e>b>a>d>c
-0.45053,1.322323,0.703396,0.449822,1.07602,b>e>d>a>c
-0.441793,1.388244,0.84074,0.427528,1.145953,b>e>d>a>c
-0.40406,1.388244,0.886522,0.472116,1.207144,b>e>d>a>c
-0.388075,1.432191,1.023866,0.427528,1.285818,e>b>a>d>c
-0.388075,1.39923,1.069647,0.405234,1.250852,e>b>d>a>c
-0.388075,1.410217,1.16121,0.427528,1.312043,e>b>d>a>c
-0.357591,1.410217,1.298555,0.293764,1.180919,e>b>d>a>c
-0.40406,1.421204,1.344336,0.182294,1.154694,e>d>b>a>c
-0.372089,1.355283,1.390117,0.137706,0.778805,e>d>b>a>c
-0.295136,1.300349,1.298555,0.115412,0.735096,e>d>b>a>c
-0.271901,1.256402,1.252773,0.070824,0.796288,e>d>b>a>c
-0.271901,1.201468,1.115429,0.137706,0.805029,e>d>b>a>c
-0.295136,1.190481,1.115429,0.16,0.866221,e>d>b>a>c
-0.341605,1.157521,1.023866,0.293764,0.874962,e>d>b>a>c
-0.302385,1.157521,0.886522,0.516704,0.839996,e>b>d>a>c
-0.271901,1.179495,0.932303,0.49441,0.866221,b>e>d>a>c
-0.27915,1.267389,0.84074,0.561292,0.97112,b>e>d>a>c
-0.36484,1.300349,0.84074,0.49441,0.944895,b>e>d>a>c
-0.395324,1.289363,0.611833,0.49441,0.909929,e>b>d>a>c
-0.418559,1.245415,0.428707,0.405234,0.848738,e>b>d>a>c
-0.411309,1.212455,0.382926,0.360646,0.848738,d>b>e>a>c
-0.341605,1.256402,0.566051,0.516704,0.909929,b>e>d>a>c
-0.186211,1.267389,0.611833,0.628174,0.909929,b>d>e>a>c
-0.225432,1.212455,0.52027,0.60588,0.909929,b>e>d>a>c
-0.232681,1.311336,0.52027,0.628174,0.909929,b>e>d>a>c
-0.287887,1.234429,0.382926,0.583586,0.883704,e>b>d>a>c
-0.287887,1.267389,0.566051,0.538998,0.866221,b>e>d>a>c
-0.241417,1.289363,0.52027,0.60588,0.866221,b>e>d>a>c
-0.232681,1.344296,0.566051,0.538998,0.857479,b>e>d>a>c
-0.241417,1.33331,0.474489,0.472116,0.831254,b>e>d>a>c
-0.209446,1.33331,0.52027,0.717349,0.866221,b>e>d>a>c
-0.194948,1.201468,0.52027,0.628174,0.796288,b>e>d>a>c
-0.255916,1.190481,0.382926,0.538998,0.761321,b>e>d>a>c
-0.232681,1.179495,0.474489,0.583586,0.682647,b>e>d>a>c
-0.102009,1.201468,0.611833,0.739643,0.726355,b>e>d>a>c
-0.109258,1.190481,0.566051,0.761937,0.743838,b>e>d>a>c
-0.102009,1.234429,0.611833,0.851113,0.691388,b>e>d>a>c
-0.209446,1.234429,0.52027,0.851113,0.691388,b>e>d>a>c
-0.162977,1.234429,0.474489,1.029465,0.691388,b>e>d>c>a
-0.132493,1.234429,0.52027,1.163229,0.708872,b>e>d>c>a
-0.032305,1.256402,0.474489,1.096347,0.805029,b>e>d>c>a
-0.023569,1.212455,0.566051,1.051759,0.796288,e>b>d>c>a
-0.086023,1.190481,0.749177,0.984877,0.778805,b>e>d>c>a
-0.116507,1.234429,0.794959,0.851113,0.770063,e>b>d>c>a
-0.078774,1.146534,0.657614,0.828819,0.796288,e>b>d>c>a
-0.171713,1.135548,0.657614,0.784231,0.831254,e>b>d>c>a
-0.086023,1.168508,0.886522,0.784231,0.848738,e>b>d>c>a
-0.046803,1.157521,0.84074,0.739643,0.822513,e>b>d>c>a
-0.078774,1.113574,0.794959,0.806525,0.831254,e>b>d>c>a
-0.023569,1.179495,0.886522,0.784231,0.831254,e>b>d>c>a
0.014165,1.179495,1.206992,1.007171,0.822513,e>b>d>c>a
0.07662,1.146534,1.023866,0.873407,0.813771,e>b>d>c>a
0.107104,1.179495,1.023866,0.962583,0.796288,e>b>d>c>a
0.099854,1.179495,0.84074,0.940289,0.822513,e>b>d>c>a
0.123089,1.201468,0.886522,0.940289,0.822513,e>b>d>c>a
0.06937,1.157521,0.794959,0.895701,0.787546,e>b>d>c>a
0.037399,1.168508,0.794959,0.962583,0.787546,e>b>d>c>a
0.046136,1.190481,0.703396,0.962583,0.726355,e>b>d>c>a
0.03015,1.234429,0.703396,1.074053,0.682647,e>b>d>c>a
0.006915,1.245415,0.703396,1.319287,0.665164,e>b>d>c>a
-0.016319,1.256402,0.703396,1.363874,0.612714,b>e>d>c>a
0.176808,1.289363,0.657614,1.408462,0.665164,b>e>d>c>a
0.162309,1.300349,0.611833,1.319287,0.673905,b>e>d>c>a
0.11584,1.322323,0.657614,1.319287,0.673905,b>e>d>c>a
0.11584,1.300349,0.657614,1.274699,0.70013,b>e>d>c>a
0.099854,1.256402,0.703396,1.274699,0.743838,b>e>d>c>a
0.092605,1.267389,0.611833,1.274699,0.708872,b>e>d>c>a
0.162309,1.300349,0.52027,1.230111,0.708872,b>e>d>c>a
0.278483,1.311336,0.428707,1.185523,0.673905,b>e>d>c>a
0.03015,1.014693,0.291363,0.472116,0.612714,b>e>d>c>a
0.146324,0.882852,0.245581,0.739643,0.534039,b>e>d>c>a
0.099854,0.915812,0.245581,0.873407,0.551522,b>e>d>c>a
0.053385,0.959759,0.1998,1.074053,0.551522,b>e>d>c>a
0.107104,0.959759,0.337144,1.096347,0.542781,b>e>d>c>a
0.099854,0.959759,0.337144,1.007171,0.551522,b>e>d>c>a
0.046136,0.904825,0.291363,0.851113,0.516556,b>e>d>c>a
0.046136,0.849891,0.108237,0.806525,0.464106,b>c>e>d>a
0.037399,0.805944,0.108237,0.806525,0.437881,b>e>d>c>a
-0.078774,0.75101,0.154018,0.739643,0.437881,b>e>c>d>a
-0.139742,0.729037,0.062456,0.672762,0.394173,b>e>c>d>a
-0.148478,0.729037,0.016674,0.561292,0.490331,b>e>d>c>a
-0.039554,0.75101,-0.12067,0.628174,0.542781,b>e>d>c>a
-0.046803,0.794957,-0.166452,0.60588,0.551522,b>e>d>c>a
-0.032305,0.729037,0.016674,0.561292,0.542781,b>e>d>c>a
-0.00907,0.772984,0.108237,0.49441,0.603972,b>e>d>c>a
-0.148478,0.71805,-0.029107,0.360646,0.525298,b>e>d>c>a
-0.202197,0.729037,-0.029107,0.38294,0.542781,b>e>d>c>a
-0.132493,0.729037,-0.029107,0.472116,0.534039,b>e>d>c>a
-0.093273,0.729037,-0.074889,0.449822,0.516556,b>e>d>c>a
-0.055539,0.707063,-0.12067,0.449822,0.542781,b>e>d>c>a
-0.062789,0.652129,-0.166452,0.360646,0.577747,b>e>d>c>a
-0.093273,0.619169,-0.12067,0.338352,0.586489,b>e>d>c>a
-0.046803,0.586208,-0.166452,0.093118,0.577747,e>b>d>c>a
-0.023569,0.564235,-0.166452,-0.018351,0.586489,e>b>d>c>a
0.06937,0.44338,-0.212233,-0.241291,0.595231,e>b>d>c>a
0.162309,0.014896,-0.578485,-1.043874,0.516556,e>d>b>c>a
0.053385,-0.072998,-0.624266,-1.222226,0.472848,e>d>b>c>a
0.092605,-0.062012,-0.578485,-0.999286,0.464106,e>d>b>c>a
0.130338,-0.062012,-0.578485,-0.932404,0.48159,e>d>b>c>a
0.11584,0.003909,-0.532703,-1.043874,0.42914,e>d>b>c>a
0.176808,0.003909,-0.578485,-0.976992,0.32424,e>d>b>c>a
0.176808,-0.040038,-0.578485,-0.887816,0.184375,e>d>b>c>a
0.192793,-0.029051,-0.578485,-0.954698,0.131925,e>d>c>b>a
0.285732,-0.040038,-0.578485,-0.932404,0.15815,e>d>b>c>a
0.232013,-0.051025,-0.715829,-0.976992,0.140666,e>d>b>c>a
0.269746,-0.029051,-0.853173,-0.976992,0.131925,e>d>b>c>a
0.239263,-0.018065,-0.853173,-1.110756,0.05325,d>e>b>c>a
0.223277,0.06983,-0.944736,-1.110756,0.035767,d>e>b>c>a
0.192793,0.058843,-0.990518,-0.91011,0.079475,d>e>b>c>a
0.123089,0.10279,-0.944736,-0.999286,0.044509,d>e>b>c>a
0.11584,0.113777,-0.944736,-1.066168,0.070733,d>e>b>c>a
0.123089,0.124764,-0.944736,-0.954698,0.079475,d>e>b>c>a
0.092605,0.179697,-0.898955,-0.954698,0.05325,d>e>b>c>a
0.130338,0.234631,-0.944736,-0.954698,0.05325,d>e>b>c>a
0.022901,0.190684,-1.127862,-0.932404,0.000801,d>e>c>b>a
0.037399,0.13575,-1.402551,-0.932404,-0.051649,d>e>c>b>a
0.006915,0.13575,-1.310988,-0.776346,-0.051649,d>e>c>b>a
0.099854,0.201671,-1.265206,-0.731758,-0.042908,d>e>b>c>a
0.037399,0.190684,-1.082081,-0.620289,-0.007941,d>e>c>b>a
0.092605,0.146737,-1.127862,-0.486525,0.009542,d>e>c>b>a
0.006915,0.080816,-1.173643,-0.196703,0.044509,d>e>c>b>a
0.06937,0.058843,-1.219425,-0.241291,0.061992,d>e>c>b>a
0.153573,0.080816,-1.219425,-0.174409,0.027025,d>e>c>b>a
0.285732,0.124764,-0.944736,-0.196703,0.061992,d>e>c>b>a
0.378671,0.190684,-0.990518,-0.018351,0.175633,d>e>c>b>a
0.362685,0.168711,-1.082081,0.16,0.149408,d>e>b>c>a
0.308967,0.13575,-1.082081,0.093118,0.114442,d>e>c>b>a
0.355436,0.113777,-1.219425,0.182294,0.140666,d>e>c>b>a
0.308967,0.014896,-1.310988,0.093118,0.123183,d>e>c>b>a
0.324952,-0.105959,-1.265206,-0.040645,0.096958,e>d>c>b>a
0.269746,-0.149906,-1.127862,-0.263585,0.096958,d>e>c>b>a
0.192793,-0.20484,-1.173643,-0.464231,0.044509,d>e>c>b>a
0.153573,-0.226813,-1.265206,-0.375055,0.096958,d>e>c>b>a
0.185544,-0.215827,-1.219425,-0.419643,0.149408,d>e>c>b>a
0.208779,-0.248787,-1.310988,-0.531113,0.149408,d>e>c>b>a
0.192793,-0.226813,-1.402551,-0.486525,0.131925,d>e>c>b>a
0.246512,-0.215827,-1.585676,-0.531113,0.096958,d>e>c>b>a
0.146324,-0.281747,-1.768802,-0.642583,-0.042908,d>e>c>b>a
0.130338,-0.303721,-1.906147,-0.664876,-0.069132,d>e>c>b>a
0.162309,-0.314708,-1.951928,-0.642583,-0.069132,e>d>c>b>a
0.06937,-0.413589,-1.997709,-0.597995,-0.182773,d>e>c>b>a
0.060634,-0.358655,-1.997709,-0.664876,-0.226482,d>e>c>b>a
0.03015,-0.402602,-2.043491,-0.68717,-0.418797,e>d>c>b>a
0.083869,-0.347668,-2.043491,-0.820934,-0.663562,d>e>c>b>a
0.146324,-0.292734,-1.997709,-0.754052,-0.733495,d>e>c>b>a
0.269746,-0.336681,-2.135054,-0.664876,-0.716012,d>e>c>b>a
0.332201,-0.369642,-1.997709,-0.820934,-0.698529,d>e>c>b>a
0.38592,-0.402602,-2.089272,-1.02158,-0.584888,d>e>c>b>a
0.409155,-0.523457,-2.135054,-1.088462,-0.611113,d>e>c>b>a
0.409155,-0.51247,-2.180835,-1.043874,-0.532438,d>e>c>a>b
0.348187,-0.589377,-2.135054,-0.91011,-0.418797,d>e>c>a>b
0.339451,-0.611351,-1.951928,-0.999286,-0.322639,d>e>c>a>b
0.332201,-0.677272,-1.951928,-1.02158,-0.514955,d>e>c>a>b
0.324952,-0.677272,-1.906147,-0.999286,-0.558663,d>e>c>a>b
0.409155,-0.622338,-1.951928,-0.999286,-0.54118,d>e>c>a>b
0.409155,-0.611351,-1.997709,-0.999286,-0.497472,e>d>c>b>a
0.371422,-0.633324,-1.997709,-0.999286,-0.445022,d>e>c>a>b
0.285732,-0.644311,-1.860365,-1.066168,-0.401314,d>e>c>b>a
0.223277,-0.655298,-1.768802,-1.177638,-0.392572,d>e>c>a>b
0.232013,-0.666285,-1.539895,-1.155344,-0.392572,d>e>c>a>b
0.192793,-0.677272,-1.448332,-1.266814,-0.462505,d>e>c>b>a
0.262497,-0.655298,-1.402551,-1.199932,-0.401314,d>e>c>b>a
0.292981,-0.633324,-1.677239,-1.199932,-0.445022,d>e>c>b>a
0.432389,-0.589377,-1.768802,-1.066168,-0.445022,d>e>c>b>a
0.502094,-0.534443,-1.768802,-1.177638,-0.445022,d>e>c>a>b
0.494844,-0.523457,-1.814584,-1.177638,-0.445022,d>e>c>a>b
0.502094,-0.556417,-1.906147,-1.043874,-0.43628,d>e>c>b>a
0.518079,-0.523457,-1.860365,-0.91011,-0.410056,d>e>c>b>a
0.571798,-0.54543,-1.768802,-0.820934,-0.392572,d>e>c>a>b
0.634253,-0.523457,-1.585676,-0.464231,-0.296414,d>e>c>a>b
0.673473,-0.54543,-1.539895,-0.419643,-0.200257,d>e>c>a>b
0.627003,-0.567404,-1.585676,-0.285879,-0.252706,d>e>c>a>b
0.595032,-0.600364,-1.677239,-0.486525,-0.348864,d>e>c>a>b
0.657487,-0.589377,-1.631458,-0.731758,-0.340123,d>e>c>a>b
0.650238,-0.567404,-1.585676,-0.709464,-0.340123,d>e>c>a>b
0.796896,-0.534443,-1.539895,-0.664876,-0.287673,d>e>c>b>a
0.90582,-0.567404,-1.310988,-0.620289,-0.305156,d>e>c>b>a
0.843365,-0.611351,-1.265206,-0.731758,-0.322639,e>d>c>b>a
0.882585,-0.600364,-1.173643,-0.620289,-0.340123,d>e>c>b>a
0.889834,-0.556417,-1.173643,-0.531113,-0.383831,d>e>c>b>a
1.013257,-0.556417,-1.173643,-0.553407,-0.383831,e>d>c>b>a
0.936304,-0.523457,-1.127862,-0.464231,-0.366347,d>e>c>b>a
0.982773,-0.446549,-0.898955,-0.285879,-0.331381,d>e>c>b>a
0.990022,-0.479509,-0.853173,-0.397349,-0.340123,d>e>c>b>a
0.959539,-0.54543,-0.807392,-0.352761,-0.331381,e>d>c>b>a
0.920318,-0.567404,-0.853173,-0.486525,-0.375089,d>e>c>b>a
0.897084,-0.611351,-0.990518,-0.597995,-0.383831,e>d>c>b>a
1.013257,-0.57839,-0.944736,-0.508819,-0.348864,d>e>c>b>a
0.936304,-0.589377,-1.082081,-0.597995,-0.261448,d>e>c>b>a
0.990022,-0.589377,-1.173643,-0.597995,-0.27019,d>e>c>b>a
0.990022,-0.54543,-1.173643,-0.508819,-0.305156,e>d>c>b>a
0.959539,-0.51247,-1.219425,-0.352761,-0.305156,e>d>c>b>a
0.943553,-0.534443,-1.127862,-0.330467,-0.305156,e>d>c>b>a
0.966788,-0.589377,-1.219425,-0.464231,-0.313898,e>d>c>b>a
1.006008,-0.57839,-1.265206,-0.375055,-0.348864,e>d>c>b>a
1.013257,-0.567404,-1.310988,-0.352761,-0.340123,e>d>c>b>a
0.998759,-0.57839,-1.310988,-0.263585,-0.278931,e>d>c>b>a
0.90582,-0.57839,-1.310988,-0.464231,-0.305156,e>d>c>b>a
0.882585,-0.57839,-1.402551,-0.553407,-0.322639,e>d>c>b>a
0.843365,-0.589377,-1.723021,-0.709464,-0.401314,e>d>c>b>a
0.812881,-0.655298,-1.860365,-0.820934,-0.672304,e>d>c>b>a
0.804145,-0.633324,-1.860365,-0.865522,-0.75972,e>d>c>b>a
0.804145,-0.644311,-1.860365,-0.820934,-0.689787,e>d>c>b>a
0.812881,-0.677272,-1.860365,-0.731758,-0.681046,e>d>c>b>a
0.734441,-0.743192,-1.860365,-0.843228,-0.925811,e>d>c>b>a
0.796896,-0.809113,-1.768802,-0.91011,-0.987002,e>d>c>b>a
0.952289,-0.787139,-1.768802,-0.79864,-0.969519,e>d>c>b>a
0.998759,-0.809113,-1.768802,-0.731758,-0.838395,e>d>c>b>a
1.029243,-0.831086,-1.814584,-0.776346,-0.925811,e>d>c>b>a
1.059727,-0.831086,-1.723021,-0.508819,-0.934553,e>d>c>b>a
1.021993,-0.85306,-1.860365,-0.486525,-0.890845,e>d>c>b>a
1.045228,-0.875034,-1.768802,-0.308173,-0.908328,e>d>c>b>a
1.045228,-0.929968,-1.814584,-0.285879,-0.925811,e>d>c>b>a
1.145416,-0.940954,-1.814584,-0.397349,-0.960777,e>d>c>b>a
1.308059,-0.918981,-1.768802,-0.107527,-0.838395,e>d>c>b>a
1.308059,-0.897007,-1.723021,-0.129821,-0.908328,e>d>c>b>a
1.245604,-0.864047,-1.677239,-0.085233,-1.039452,e>d>c>b>a
1.21512,-0.85306,-1.631458,-0.263585,-1.118127,e>d>c>b>a
1.254341,-0.831086,-1.631458,-0.375055,-1.100643,e>d>c>b>a
1.30081,-0.8201,-1.448332,-0.397349,-1.08316,e>d>c>b>a
1.377763,-0.842073,-1.448332,-0.352761,-1.056935,e>d>c>b>a
1.408247,-0.842073,-1.448332,-0.397349,-1.039452,e>d>c>b>a
1.501186,-0.875034,-1.356769,-0.419643,-1.039452,e>d>c>b>a
1.594125,-0.842073,-1.356769,-0.597995,-1.039452,e>d>c>b>a
1.540406,-0.842073,-1.219425,-0.419643,-1.039452,e>d>c>a>b
1.547656,-0.787139,-1.127862,-0.508819,-1.056935,e>d>c>b>a
1.556392,-0.765166,-1.173643,-0.486525,-1.065677,e>c>d>b>a
1.594125,-0.743192,-1.173643,-0.486525,-1.08316,e>d>c>a>b
1.726284,-0.787139,-1.036299,-0.441937,-1.056935,e>c>d>a>b
1.826472,-0.754179,-1.082081,-0.397349,-1.03071,e>c>d>a>b
1.756768,-0.721219,-0.990518,-0.419643,-1.048194,e>c>d>a>b
1.742269,-0.732205,-0.944736,-0.397349,-1.048194,e>c>d>a>b
1.672565,-0.710232,-0.944736,-0.419643,-1.056935,e>c>d>b>a
1.586876,-0.699245,-1.082081,-0.486525,-1.048194,e>c>d>b>a
1.912162,-0.710232,-1.036299,-0.397349,-1.091902,e>c>d>b>a
1.947014,-0.710232,-0.944736,-0.152115,-1.170576,e>d>c>b>a
2.028335,-0.721219,-1.082081,-0.285879,-1.284217,e>c>d>b>a
2.063187,-0.743192,-0.990518,-0.062939,-1.502758,e>c>d>a>b
2.063187,-0.732205,-0.944736,0.070824,-1.555208,e>c>d>b>a
1.958631,-0.776153,-1.082081,-0.018351,-1.581432,e>c>d>b>a
1.923779,-0.776153,-1.082081,0.003943,-1.555208,e>c>d>a>b
1.87731,-0.831086,-1.036299,0.04853,-1.494016,e>c>d>a>b
1.958631,-0.831086,-0.853173,-0.263585,-1.756265,e>c>d>a>b
1.807605,-0.918981,-0.807392,-0.375055,-1.843681,e>c>d>a>b
1.795988,-1.006875,-0.853173,-0.68717,-1.843681,e>c>d>a>b
1.83084,-1.039835,-0.898955,-0.642583,-1.817456,e>c>d>a>b
1.935396,-0.984901,-0.853173,-0.464231,-1.791231,e>c>d>a>b
1.958631,-1.039835,-0.349577,-0.464231,-1.747523,e>c>d>a>b
1.912162,-1.050822,0.108237,-0.441937,-1.703815,e>c>d>a>b
1.970248,-1.050822,-0.258015,-0.531113,-1.590174,e>c>d>a>b
2.028335,-1.039835,-0.349577,-0.664876,-1.528983,e>c>d>a>b
1.981866,-1.072796,-0.853173,-0.843228,-1.397858,e>c>d>a>b
2.098039,-1.039835,-0.898955,-0.887816,-1.223026,e>c>d>a>b
2.086422,-0.962928,-0.807392,-0.91011,-1.179318,e>c>d>a>b
2.05157,-0.995888,-0.944736,-0.976992,-1.18806,e>c>d>a>b
2.190978,-1.061809,-0.853173,-0.865522,-1.214284,e>c>d>a>b
2.156126,-1.072796,-0.853173,-0.820934,-1.205543,e>c>d>a>b
2.156126,-1.083782,-0.990518,-0.664876,-1.118127,e>c>d>b>a
2.156126,-1.061809,-1.036299,-0.664876,-1.284217,e>c>d>b>a
2.074805,-1.083782,-1.173643,-0.664876,-1.371634,e>c>d>a>b
2.0051,-1.094769,-1.265206,-0.754052,-1.249251,e>c>d>a>b
1.958631,-1.050822,-1.356769,-0.754052,-1.284217,e>c>d>b>a
1.865692,-1.072796,-1.448332,-0.79864,-1.301701,e>c>d>b>a
1.668197,-1.182663,-1.677239,-0.976992,-1.362892,e>c>d>a>b
1.761136,-1.171677,-1.631458,-0.999286,-1.345409,e>c>d>a>b
1.888927,-1.226611,-1.448332,-0.976992,-1.301701,e>c>d>a>b
1.970248,-1.270558,-1.448332,-0.976992,-1.275476,e>c>d>a>b
1.981866,-1.457333,-1.173643,-1.266814,-1.266734,e>c>d>b>a
1.923779,-1.512267,-0.990518,-1.222226,-1.266734,e>c>d>b>a
1.842458,-1.512267,-1.082081,-1.289108,-1.223026,e>c>d>a>b
1.65658,-1.512267,-0.944736,-1.311402,-1.249251,e>c>d>a>b
1.447467,-1.380426,-0.898955,-1.199932,-1.179318,e>c>d>b>a
1.493937,-1.314505,-1.036299,-1.266814,-1.144351,e>c>d>b>a
1.168651,-1.226611,-1.173643,-1.289108,-1.196801,e>c>d>b>a
1.308059,-1.248584,-1.310988,-1.489753,-1.292959,e>c>d>b>a
1.400998,-1.347465,-1.356769,-1.512047,-1.249251,e>c>d>b>a
1.540406,-1.402399,-1.402551,-1.467459,-1.266734,c>e>d>b>a
1.424233,-1.446346,-1.494114,-1.467459,-1.179318,c>e>d>b>a
1.366146,-1.490293,-1.082081,-1.578929,-1.196801,c>e>d>b>a
1.308059,-1.50128,-1.082081,-1.712693,-1.214284,c>e>d>b>a
1.342911,-1.490293,-1.127862,-1.668105,-1.214284,c>e>d>b>a
1.180268,-1.50128,-1.219425,-1.712693,-1.205543,e>c>d>b>a
0.982773,-1.567201,-1.219425,-1.824163,-1.196801,e>c>d>b>a
0.982773,-1.479307,-1.036299,-1.690399,-1.118127,e>c>d>b>a
0.762044,-1.46832,-1.082081,-1.757281,-1.153093,e>c>b>d>a
0.657487,-1.446346,-1.127862,-1.779575,-1.223026,e>c>b>a>d
0.42514,-1.50128,-1.265206,-1.913339,-1.371634,e>c>b>a>d
0.738809,-1.556214,-1.402551,-1.957927,-1.389117,e>c>b>a>d
0.971156,-1.556214,-1.310988,-1.891045,-1.389117,e>c>b>a>d
0.924686,-1.545227,-1.356769,-1.935633,-1.4066,e>c>d>b>a
1.006008,-1.556214,-1.356769,-1.913339,-1.336667,e>c>d>a>b
0.959539,-1.644108,-1.539895,-1.935633,-1.362892,e>c>a>d>b
0.959539,-1.677069,-1.539895,-1.957927,-1.275476,e>c>d>a>b
0.994391,-1.644108,-1.402551,-1.891045,-1.205543,c>e>a>d>b
1.006008,-1.622135,-1.265206,-1.801869,-1.161835,e>c>b>a>d
0.8666,-1.644108,-1.402551,-1.824163,-1.074418,e>c>b>d>a
0.843365,-1.611148,-1.448332,-1.645811,-0.925811,c>e>b>d>a
0.878217,-1.644108,-1.448332,-1.601223,-0.847136,e>c>b>d>a
0.901452,-1.677069,-1.356769,-1.556635,-0.785945,c>e>b>d>a
0.901452,-1.644108,-1.173643,-1.467459,-0.698529,c>e>b>d>a
0.831748,-1.633122,-1.036299,-1.378283,-0.497472,c>e>b>d>a
0.762044,-1.633122,-0.990518,-1.355989,-0.628596,c>e>b>d>a
0.715574,-1.655095,-0.807392,-1.355989,-0.75972,c>e>b>d>a
0.680722,-1.666082,-0.807392,-1.422871,-0.768462,c>e>b>d>a
0.564548,-1.644108,-0.853173,-1.311402,-0.838395,c>e>b>d>a
0.552931,-1.633122,-1.173643,-1.222226,-0.934553,c>e>b>d>a
0.494844,-1.534241,-1.082081,-1.177638,-1.013227,c>e>b>a>d
0.227645,-1.589174,-1.082081,-1.222226,-1.056935,c>e>b>a>d
0.262497,-1.732003,-1.082081,-1.24452,-0.943294,c>e>b>a>d
0.274115,-1.742989,-1.219425,-1.311402,-0.995744,c>e>b>a>d
0.157941,-1.77595,-1.356769,-1.378283,-1.048194,c>b>e>a>d
0.343819,-1.786937,-1.494114,-1.422871,-1.004486,c>b>e>a>d
0.587783,-1.84187,-1.448332,-1.24452,-0.952036,c>e>b>d>a
0.494844,-1.907791,-1.356769,-1.355989,-0.908328,c>e>b>a>d
0.436758,-1.874831,-1.310988,-1.445165,-0.925811,c>e>b>a>d
0.47161,-1.80891,-1.310988,-1.266814,-0.934553,c>e>b>a>d
0.518079,-1.622135,-1.310988,-1.289108,-0.855878,c>e>b>a>d
0.552931,-1.666082,-1.219425,-1.066168,-0.733495,c>e>b>a>d
0.599401,-1.699042,-1.310988,-1.088462,-0.689787,c>e>b>a>d
0.552931,-1.80891,-1.448332,-0.91011,-0.698529,c>e>b>a>d
0.47161,-1.863844,-1.585676,-1.043874,-0.794687,c>e>b>a>d
0.611018,-1.852857,-1.494114,-1.088462,-0.838395,c>e>b>a>d
0.750426,-1.896804,-1.585676,-1.13305,-0.785945,c>e>b>a>d
0.692339,-2.017659,-1.631458,-1.289108,-0.873361,c>e>b>a>d
0.750426,-2.105553,-1.677239,-1.289108,-0.838395,e>c>b>a>d
0.959539,-2.171474,-1.585676,-1.222226,-0.838395,e>c>b>a>d
0.982773,-2.039633,-1.494114,-1.088462,-0.742237,c>e>b>a>d
0.982773,-2.050619,-1.356769,-0.976992,-0.576146,c>e>b>a>d
0.878217,-2.094566,-1.356769,-1.066168,-0.637338,c>e>b>a>d
0.854982,-2.105553,-1.265206,-1.199932,-0.672304,c>e>b>a>d
0.924686,-1.918778,-1.310988,-1.222226,-0.646079,c>e>b>a>d
0.762044,-1.896804,-1.310988,-1.155344,-0.716012,c>e>b>a>d
0.762044,-1.918778,-1.265206,-1.311402,-0.75972,c>e>b>a>d
0.611018,-1.907791,-1.173643,-1.266814,-0.803428,c>e>b>a>d
0.634253,-1.764963,-1.036299,-1.355989,-0.847136,c>e>b>a>d
0.587783,-1.80891,-0.624266,-1.266814,-0.952036,c>b>e>a>d
0.750426,-1.797923,-0.44114,-1.289108,-0.855878,c>b>e>a>d
0.762044,-1.84187,-0.76161,-1.289108,-0.785945,c>b>e>a>d
0.692339,-1.830884,-0.76161,-1.199932,-0.663562,c>b>e>a>d
0.611018,-1.786937,-0.624266,-1.088462,-0.689787,c>b>e>a>d
0.587783,-1.77595,-0.715829,-0.976992,-0.750979,c>b>e>a>d
0.64587,-1.764963,-0.715829,-0.820934,-0.794687,c>b>e>a>d
0.727191,-1.732003,-0.76161,-0.865522,-0.707271,c>b>e>a>d
0.785278,-1.753976,-0.624266,-0.865522,-0.663562,c>b>e>a>d
0.831748,-1.80891,-0.624266,-0.79864,-0.663562,c>b>e>a>d
0.796896,-1.874831,-0.624266,-0.620289,-0.698529,c>b>e>a>d
0.785278,-1.874831,-0.532703,-0.776346,-0.637338,c>b>e>a>d
0.8666,-1.819897,-0.303796,-0.664876,-0.654821,c>b>e>a>d
0.436758,-1.84187,-0.395359,-0.620289,-0.768462,c>e>b>a>d
0.587783,-1.830884,-0.486922,-0.597995,-0.803428,c>e>b>a>d
0.622635,-1.84187,-0.486922,-0.508819,-0.803428,c>e>b>a>d
0.529696,-1.830884,-0.395359,-0.597995,-0.838395,c>b>e>a>d
0.552931,-1.819897,-0.303796,-0.575701,-0.890845,c>e>b>a>d
0.459992,-1.80891,-0.258015,-0.642583,-0.995744,c>b>e>a>d
0.47161,-1.874831,-0.303796,-0.597995,-1.196801,c>b>e>a>d
0.587783,-1.80891,-0.303796,-0.441937,-1.223026,c>b>e>a>d
0.657487,-1.80891,-0.349577,-0.553407,-1.301701,c>e>b>a>d
0.703957,-1.830884,-0.303796,-0.352761,-1.284217,c>e>b>a>d
0.773661,-1.786937,-0.166452,-0.352761,-1.153093,c>e>b>a>d
0.762044,-1.77595,0.154018,-0.285879,-1.126868,c>e>b>a>d
0.703957,-1.699042,0.428707,-0.040645,-1.109385,c>e>b>a>d
0.64587,-1.710029,0.611833,-0.129821,-1.205543,c>e>b>a>d
0.669105,-1.742989,0.657614,-0.107527,-1.196801,c>e>b>a>d
0.727191,-1.721016,0.428707,0.093118,-1.196801,c>e>b>a>d
0.669105,-1.699042,0.382926,0.16,-1.205543,c>e>b>a>d
0.64587,-1.633122,0.1998,0.115412,-1.196801,c>e>b>a>d
0.611018,-1.600161,0.245581,0.204588,-1.18806,c>e>b>a>d
0.64587,-1.567201,0.337144,0.449822,-1.231768,c>e>b>a>d
0.680722,-1.600161,0.337144,0.293764,-1.284217,c>e>b>a>d
0.738809,-1.644108,0.154018,0.137706,-1.284217,c>e>b>a>d
0.796896,-1.578188,0.428707,0.04853,-1.284217,c>e>b>a>d
0.762044,-1.633122,0.291363,-0.062939,-1.301701,c>e>b>a>d
0.773661,-1.655095,0.566051,-0.152115,-1.397858,c>e>b>a>d
0.738809,-1.666082,0.291363,-0.285879,-1.441566,c>e>b>a>d
0.738809,-1.666082,0.337144,-0.241291,-1.45905,c>e>b>a>d
0.692339,-1.644108,0.337144,-0.241291,-1.537724,c>e>b>a>d
0.64587,-1.633122,-0.029107,-0.263585,-1.62514,c>e>b>a>d
0.634253,-1.666082,-0.12067,-0.352761,-1.598916,c>e>b>a>d
0.785278,-1.633122,-0.029107,-0.285879,-1.476533,c>e>b>a>d
0.622635,-1.666082,-0.12067,-0.375055,-1.546466,c>e>b>a>d
0.564548,-1.885818,0.245581,-0.375055,-2.070963,c>e>b>a>d
0.541314,-1.995685,0.245581,-0.464231,-2.298245,c>b>e>a>d
0.657487,-1.995685,0.291363,-0.464231,-2.315728,c>e>b>a>d
0.669105,-2.028646,0.566051,-0.218997,-2.228312,c>e>b>a>d
0.599401,-2.050619,0.566051,-0.107527,-2.202087,c>b>e>a>d
0.587783,-1.984699,0.428707,0.003943,-2.245795,c>b>e>a>d
0.692339,-2.006672,0.428707,0.026236,-2.21957,c>b>e>a>d
0.959539,-1.80891,0.474489,0.04853,-2.149638,c>e>b>a>d
1.052477,-1.644108,0.382926,0.182294,-2.027255,c>e>b>a>d
0.982773,-1.292531,0.657614,0.828819,-1.721298,c>b>e>a>d
0.854982,-1.171677,0.749177,0.873407,-1.668849,c>b>e>a>d
0.854982,-1.215624,0.886522,0.739643,-1.703815,c>b>e>a>d
1.006008,-1.314505,0.52027,0.962583,-1.799973,c>b>e>a>d
1.04086,-1.446346,0.428707,1.163229,-1.738781,c>b>e>a>d
0.831748,-1.391412,0.245581,1.319287,-1.651365,c>b>e>a>d
0.8666,-1.325492,0.291363,1.319287,-1.660107,c>b>e>a>d
0.924686,-1.237597,0.382926,1.140935,-1.642624,c>b>e>a>d
1.064095,-1.336478,0.245581,0.962583,-1.616399,c>b>e>a>d
1.098947,-1.358452,-0.12067,0.940289,-1.546466,c>b>e>a>d
1.273207,-1.578188,-0.670048,1.074053,-1.4066,c>b>e>a>d
1.226738,-1.534241,-0.76161,0.895701,-1.450308,c>b>e>a>d
1.308059,-1.402399,-0.532703,1.296993,-1.074418,c>b>e>a>d
1.21512,-1.490293,-0.44114,1.185523,-1.18806,c>b>e>a>d
1.331294,-1.446346,-0.486922,1.319287,-1.223026,c>b>e>a>d
1.249972,-1.534241,-0.258015,1.296993,-0.969519,c>b>e>a>d
0.959539,-1.633122,-0.212233,1.252405,-0.777203,c>b>a>e>d
0.854982,-1.490293,-0.166452,1.096347,-0.838395,c>b>a>e>d
0.936304,-1.545227,0.062456,0.940289,-0.960777,c>b>a>e>d
1.029243,-1.622135,-0.258015,1.007171,-1.03071,c>b>a>e>d
1.064095,-1.633122,-0.349577,0.828819,-1.100643,c>b>a>e>d
0.936304,-1.655095,-0.349577,0.761937,-1.118127,c>b>a>e>d
0.889834,-1.622135,-0.624266,0.784231,-1.214284,c>b>a>e>d
0.924686,-1.556214,-0.990518,0.561292,-1.35415,c>b>a>e>d
0.831748,-1.556214,-0.944736,0.672762,-1.266734,c>b>a>e>d
0.762044,-1.688055,-1.082081,0.49441,-1.345409,c>b>e>a>d
0.8666,-1.666082,-1.402551,0.38294,-1.415342,c>b>e>a>d
0.959539,-1.666082,-1.539895,0.182294,-1.432825,c>b>e>a>d
1.052477,-1.710029,-1.539895,0.204588,-1.389117,c>b>e>a>d
1.075712,-1.721016,-1.402551,0.27147,-1.397858,c>b>e>a>d
1.145416,-1.710029,-1.265206,0.717349,-1.4066,c>b>e>a>d
1.145416,-1.710029,-1.265206,0.628174,-1.397858,c>b>e>a>d
1.145416,-1.732003,-1.082081,0.672762,-1.389117,c>b>e>a>d
1.075712,-1.786937,-1.219425,0.672762,-1.424083,c>b>e>a>d
0.971156,-1.764963,-1.127862,0.717349,-1.424083,c>b>e>a>d
0.913069,-1.77595,-1.127862,0.717349,-1.450308,c>b>e>a>d
0.971156,-1.358452,-1.127862,0.873407,-1.476533,c>b>e>a>d
0.971156,-1.303518,-1.173643,0.851113,-1.511499,c>b>a>e>d
0.936304,-1.325492,-1.082081,1.007171,-1.502758,c>b>a>e>d
0.936304,-1.270558,-1.036299,1.230111,-1.528983,c>b>a>e>d
0.854982,-1.281545,-1.173643,1.207817,-1.572691,b>c>a>e>d
0.8666,-1.303518,-1.219425,1.34158,-1.651365,b>c>a>e>d
0.854982,-1.292531,-1.219425,1.430756,-1.721298,b>c>a>e>d
0.913069,-1.270558,-1.127862,1.586814,-1.660107,b>c>a>e>d
0.901452,-1.094769,-1.036299,2.032693,-1.67759,b>c>a>e>d
0.947921,-1.039835,-1.036299,2.300221,-1.563949,b>c>a>e>d
0.901452,-0.984901,-0.990518,2.233339,-1.555208,b>c>a>e>d
0.843365,-0.918981,-0.990518,1.943518,-1.633882,b>c>a>e>d
0.831748,-0.842073,-0.898955,1.988106,-1.616399,b>c>a>e>d
0.8666,-0.842073,-0.898955,1.698284,-1.424083,b>c>a>e>d
0.901452,-0.842073,-0.898955,2.121869,-1.389117,b>c>a>e>d
1.04086,-0.929968,-0.898955,2.032693,-1.362892,b>c>a>e>d
1.017625,-1.050822,-1.082081,1.720578,-1.380375,b>c>a>e>d
1.017625,-1.006875,-1.173643,1.854342,-1.415342,b>c>a>e>d
0.913069,-1.12773,-1.265206,1.56452,-1.4066,b>c>a>e>d
0.878217,-0.995888,-1.265206,1.45305,-1.35415,b>c>a>e>d
0.843365,-0.918981,-1.219425,1.720578,-1.266734,b>c>a>e>d
0.831748,-0.918981,-1.082081,1.809754,-1.240509,b>c>a>e>d
0.808513,-0.940954,-1.036299,1.742872,-1.266734,b>c>a>e>d
0.796896,-0.929968,-1.036299,1.832048,-1.223026,b>c>a>e>d
0.843365,-0.787139,-0.898955,1.832048,-1.170576,b>c>a>e>d
0.8666,-0.765166,-0.944736,2.032693,-0.952036,c>b>a>e>d
0.82013,-0.765166,-1.082081,2.166457,-0.829653,b>c>a>e>d
0.808513,-0.787139,-0.990518,1.720578,-0.750979,c>b>a>e>d
0.889834,-0.622338,-1.082081,1.765166,-0.733495,c>b>a>e>d
0.913069,-0.567404,-1.082081,2.054987,-0.987002,c>b>a>e>d
0.901452,-0.611351,-1.310988,1.720578,-0.952036,c>b>a>e>d
0.762044,-0.655298,-1.127862,1.742872,-0.847136,c>b>a>e>d
0.738809,-0.589377,-1.036299,1.631402,-0.917069,c>b>a>e>d
0.727191,-0.556417,-0.944736,1.542226,-0.847136,c>b>a>e>d
0.703957,-0.435562,-0.44114,1.631402,-0.882103,b>c>a>e>d
0.738809,-0.490496,-0.44114,1.698284,-0.952036,b>c>a>e>d
0.808513,-0.435562,-0.349577,1.586814,-0.882103,b>c>a>e>d
0.843365,-0.391615,-0.670048,1.78746,-0.847136,b>c>a>e>d
0.843365,-0.347668,-0.807392,1.965812,-0.847136,b>c>a>e>d
0.854982,-0.347668,-0.486922,1.988106,-0.820912,b>c>a>e>d
0.947921,-0.380628,-0.76161,2.121869,-0.777203,b>c>e>a>d
0.843365,-0.479509,-0.944736,1.876636,-0.663562,b>c>e>a>d
0.843365,-0.435562,-0.898955,1.89893,-0.750979,b>c>e>a>d
0.82013,-0.424576,-1.082081,1.89893,-0.803428,b>c>a>e>d
0.762044,-0.446549,-1.082081,1.965812,-0.81217,b>c>a>e>d
0.808513,-0.446549,-1.082081,2.166457,-0.794687,b>c>a>e>d
0.750426,-0.435562,-1.127862,2.211045,-0.707271,b>c>a>e>d
0.750426,-0.413589,-0.944736,2.478573,-0.689787,b>c>a>e>d
0.773661,-0.380628,-1.036299,2.144163,-0.707271,b>c>a>e>d
0.82013,-0.380628,-0.990518,2.054987,-0.785945,b>c>a>e>d
0.750426,-0.446549,-0.853173,2.077281,-0.75972,b>c>a>e>d
0.785278,-0.435562,-0.807392,2.188751,-0.768462,b>c>a>e>d
0.82013,-0.413589,-0.715829,2.478573,-0.663562,b>c>a>e>d
0.831748,-0.457536,-0.715829,2.567749,-0.672304,b>c>a>e>d
0.971156,-0.51247,-0.486922,2.634631,-0.663562,b>c>a>e>d
1.017625,-0.490496,-0.349577,2.523161,-0.558663,b>c>a>e>d
0.971156,-0.369642,-0.395359,2.456279,-0.453764,b>c>a>e>d
0.959539,-0.358655,-0.395359,2.322515,-0.313898,b>c>a>e>d
0.947921,-0.358655,-0.578485,2.211045,-0.401314,b>c>a>e>d
0.913069,-0.435562,-0.44114,2.233339,-0.514955,b>c>a>e>d
0.936304,-0.413589,-0.486922,1.965812,-0.584888,b>c>a>e>d
0.913069,-0.446549,-0.349577,1.943518,-0.549921,b>c>a>e>d
0.947921,-0.446549,-0.303796,1.965812,-0.48873,b>c>a>e>d
0.924686,-0.479509,-0.532703,1.988106,-0.497472,b>c>a>e>d
0.971156,-0.501483,-0.395359,1.89893,-0.445022,b>c>a>e>d
1.064095,-0.457536,-0.349577,2.032693,-0.462505,b>c>a>e>d
1.029243,-0.435562,-0.349577,2.077281,-0.43628,b>c>a>e>d
1.075712,-0.347668,-0.349577,1.988106,-0.497472,b>c>a>e>d
0.982773,-0.347668,-0.395359,1.988106,-0.549921,b>c>a>e>d
1.006008,-0.2378,-0.395359,1.988106,-0.663562,b>c>a>e>d
0.831748,-0.20484,-0.44114,2.054987,-0.689787,b>c>a>e>d
0.715574,-0.20484,-0.44114,1.832048,-0.75972,b>c>a>e>d
0.727191,-0.325694,-0.44114,1.765166,-0.742237,b>c>a>e>d
0.692339,-0.270761,-0.212233,1.832048,-0.576146,b>c>a>e>d
0.703957,-0.281747,-0.349577,1.876636,-0.619854,c>b>a>e>d
0.727191,-0.182866,-0.303796,1.876636,-0.733495,c>b>a>e>d
0.750426,-0.105959,-0.258015,1.965812,-0.576146,c>b>a>e>d
0.727191,-0.127932,-0.303796,2.010399,-0.523697,c>b>a>e>d
0.657487,-0.160893,-0.44114,1.988106,-0.497472,c>b>a>e>d
0.622635,-0.149906,-0.395359,1.988106,-0.479988,c>b>a>e>d
0.587783,-0.094972,-0.12067,1.988106,-0.445022,c>b>a>e>d
0.599401,-0.193853,-0.166452,1.921224,-0.445022,b>c>a>d>e
0.669105,-0.17188,-0.349577,1.965812,-0.366347,b>c>a>e>d
0.703957,-0.149906,-0.303796,2.010399,-0.27019,b>c>a>e>d
0.715574,-0.018065,-0.258015,2.077281,-0.16529,b>c>a>d>e
0.715574,0.014896,-0.303796,2.054987,-0.095357,b>c>a>d>e
0.715574,-0.018065,-0.258015,2.121869,-0.156549,b>c>a>e>d
0.680722,0.003909,-0.12067,2.121869,-0.130324,b>c>a>d>e
0.64587,0.003909,-0.074889,2.389397,-0.130324,b>c>a>e>d
0.541314,0.036869,0.016674,2.590043,-0.252706,b>c>a>e>d
0.494844,0.047856,0.1998,2.500867,-0.366347,b>c>a>e>d
0.541314,0.014896,0.108237,2.433985,-0.549921,b>c>a>e>d
0.552931,0.047856,0.154018,2.166457,-0.698529,b>c>a>e>d
0.564548,0.047856,0.154018,2.344809,-0.654821,b>c>a>d>e
0.529696,-0.051025,0.154018,2.144163,-0.479988,b>a>c>d>e
0.599401,-0.083985,0.245581,2.077281,-0.410056,b>a>c>d>e
0.796896,0.058843,0.382926,2.121869,-0.27019,b>c>a>d>e
0.785278,0.091803,0.382926,2.188751,-0.261448,b>c>a>d>e
0.680722,0.003909,0.291363,2.032693,-0.313898,b>c>a>d>e
0.703957,0.003909,0.291363,2.032693,-0.462505,b>c>a>d>e
0.703957,-0.029051,0.291363,1.832048,-0.479988,b>c>a>d>e
0.773661,-0.040038,0.245581,2.188751,-0.506213,b>c>a>d>e
0.796896,-0.018065,0.291363,2.010399,-0.497472,b>c>a>d>e
0.82013,0.003909,0.337144,2.010399,-0.532438,b>c>a>d>e
0.785278,0.014896,0.382926,2.032693,-0.567405,b>c>a>d>e
0.750426,0.014896,0.382926,2.077281,-0.523697,b>c>a>d>e
0.773661,0.025883,0.474489,2.054987,-0.619854,b>c>a>d>e
0.82013,0.025883,0.337144,2.144163,-0.724754,b>c>a>e>d
0.889834,0.058843,0.337144,2.166457,-0.716012,b>c>a>e>d
0.773661,0.025883,0.108237,2.233339,-0.847136,b>c>a>e>d
0.692339,0.025883,-0.212233,2.099575,-0.672304,b>a>c>d>e
0.738809,0.245618,0.108237,2.367103,-0.375089,b>a>c>d>e
0.959539,0.014896,0.245581,2.166457,-0.479988,b>a>c>e>d
0.994391,-0.138919,0.154018,2.211045,-0.681046,b>c>a>e>d
0.994391,-0.138919,0.108237,2.255633,-0.532438,b>c>a>e>d
1.006008,-0.193853,0.108237,1.854342,-0.681046,b>c>a>e>d
1.029243,-0.336681,0.062456,1.631402,-0.689787,b>c>a>e>d
1.133799,-0.215827,0.062456,1.475344,-0.445022,b>c>a>e>d
1.122182,-0.259774,-0.12067,1.408462,-0.392572,b>c>a>e>d
1.098947,-0.127932,-0.12067,1.319287,-0.366347,b>c>a>e>d
1.087329,-0.127932,-0.074889,1.34158,-0.340123,b>c>a>e>d
1.168651,-0.138919,-0.029107,1.252405,-0.331381,b>c>a>e>d
1.319677,-0.160893,0.154018,1.386168,-0.21774,b>c>a>e>d
1.342911,-0.149906,0.108237,1.542226,-0.077874,b>c>a>e>d
1.284824,-0.149906,0.154018,1.475344,-0.208998,b>c>a>e>d
1.226738,-0.182866,0.062456,1.296993,-0.331381,b>c>a>e>d
1.122182,-0.248787,0.154018,1.140935,-0.471247,b>c>a>e>d
1.110564,-0.248787,0.108237,1.185523,-0.427539,b>c>a>e>d
0.994391,-0.281747,0.108237,1.096347,-0.375089,b>c>e>a>d
1.029243,-0.380628,0.245581,1.230111,-0.401314,b>c>e>d>a
1.064095,-0.303721,0.291363,1.163229,-0.348864,b>c>e>a>d
1.029243,-0.248787,0.382926,1.363874,-0.226482,b>c>e>d>a
1.122182,-0.281747,0.382926,1.386168,-0.156549,b>c>e>a>d
1.098947,-0.270761,0.428707,1.319287,-0.226482,c>b>a>e>d
1.098947,-0.193853,0.52027,1.319287,-0.261448,b>c>a>e>d
1.145416,0.146737,0.382926,1.274699,-0.121582,b>c>a>e>d
1.203503,0.487327,0.382926,1.274699,-0.095357,b>c>a>e>d
1.180268,0.421407,0.474489,1.408462,0.079475,b>c>a>e>d
1.157034,0.201671,0.245581,1.230111,0.070733,b>c>a>e>d
1.191886,0.212658,0.337144,0.984877,0.263049,c>b>a>e>d
1.180268,0.234631,0.337144,0.984877,0.263049,c>b>a>e>d
1.133799,0.267592,0.428707,0.962583,0.131925,c>b>a>e>d
1.029243,0.267592,0.291363,0.739643,0.000801,c>b>a>e>d
